year	mean_85	min_85	max_85	mean_45	min_45	max_45	mean_26	min_26	max_26
2041	0.2126	0.1291	0.3006	0.1972	0.1214	0.2769	0.1952	0.112	0.2822
2042	0.221	0.1352	0.3117	0.2022	0.1235	0.2851	0.2	0.1148	0.2893
2043	0.2294	0.1414	0.3227	0.2072	0.1256	0.2932	0.2049	0.1175	0.2963
2044	0.2379	0.1475	0.3337	0.2122	0.1277	0.3013	0.2097	0.1202	0.3034
2045	0.2463	0.1536	0.3447	0.2172	0.1297	0.3095	0.2145	0.123	0.3105
2046	0.2579	0.1616	0.3605	0.2254	0.1335	0.3223	0.2208	0.1262	0.32
2047	0.2648	0.1662	0.37	0.2322	0.1391	0.3304	0.2256	0.1309	0.3252
2048	0.2725	0.1703	0.3814	0.2385	0.1439	0.3385	0.2319	0.1362	0.3326
2049	0.2799	0.1721	0.3948	0.2442	0.1462	0.3479	0.2363	0.1376	0.3401
2050	0.2864	0.1725	0.4078	0.251	0.1503	0.3576	0.2416	0.1426	0.3458
2051	0.2925	0.1747	0.4182	0.2582	0.157	0.3655	0.2462	0.1456	0.3521
2052	0.2999	0.1805	0.4275	0.2643	0.1616	0.3732	0.2503	0.1483	0.3578
2053	0.3063	0.1826	0.4387	0.2696	0.1644	0.3813	0.2545	0.1508	0.364
2054	0.3136	0.1859	0.4504	0.2762	0.1688	0.3903	0.2603	0.1554	0.371
2055	0.3208	0.1899	0.4612	0.2835	0.1735	0.4007	0.2656	0.1585	0.3786
2056	0.3287	0.1944	0.4731	0.2898	0.177	0.4098	0.271	0.1621	0.3861
2057	0.339	0.1999	0.4886	0.2952	0.1785	0.4194	0.2774	0.1664	0.3946
2058	0.3476	0.2045	0.5017	0.3009	0.1819	0.4278	0.2817	0.1686	0.4012
2059	0.3562	0.2113	0.5126	0.3082	0.1878	0.4367	0.2863	0.1717	0.4075
2060	0.3658	0.2188	0.5247	0.3135	0.1905	0.4449	0.2913	0.1739	0.4155
2061	0.376	0.2264	0.5381	0.3199	0.1945	0.454	0.2958	0.1762	0.4222
2062	0.3848	0.2307	0.5519	0.3263	0.1977	0.4638	0.2999	0.1765	0.4303
2063	0.3936	0.2361	0.5647	0.333	0.202	0.4733	0.3051	0.1799	0.4374
2064	0.4041	0.2434	0.5791	0.3386	0.2046	0.4822	0.3101	0.1845	0.4429
2065	0.414	0.2488	0.594	0.3451	0.2076	0.4925	0.3147	0.1865	0.4503
2066	0.4247	0.2554	0.6095	0.3508	0.2098	0.502	0.3196	0.188	0.4588
2067	0.4341	0.2623	0.6221	0.3574	0.2129	0.5125	0.3233	0.1891	0.4653
2068	0.4445	0.2708	0.635	0.3644	0.2174	0.5224	0.3287	0.1931	0.4721
2069	0.4545	0.2779	0.6486	0.371	0.2209	0.5322	0.3333	0.1943	0.4804
2070	0.4646	0.2853	0.6622	0.3773	0.2243	0.5419	0.3374	0.1961	0.487
2071	0.4756	0.293	0.6771	0.3824	0.2257	0.551	0.3413	0.1977	0.4933
2072	0.4874	0.3017	0.6929	0.3889	0.2291	0.5609	0.3467	0.2005	0.5014
2073	0.4992	0.3099	0.7091	0.3963	0.2348	0.5703	0.3518	0.2025	0.5097
2074	0.5093	0.3152	0.7249	0.4033	0.2406	0.5788	0.356	0.2034	0.5174
2075	0.5201	0.3217	0.7407	0.4097	0.2446	0.588	0.3605	0.2062	0.5236
2076	0.5315	0.3294	0.7567	0.4174	0.2491	0.5993	0.3657	0.2095	0.5309
2077	0.5423	0.3352	0.7734	0.4233	0.2534	0.6069	0.3707	0.2109	0.5397
2078	0.5529	0.3402	0.7905	0.4297	0.2565	0.617	0.3748	0.2108	0.548
2079	0.5646	0.3473	0.808	0.4364	0.2604	0.6269	0.3795	0.2138	0.5547
2080	0.5759	0.3526	0.8262	0.4434	0.2639	0.6377	0.3838	0.2156	0.5616
2081	0.5863	0.3576	0.8431	0.4508	0.2683	0.6486	0.3887	0.2182	0.569
2082	0.5962	0.3622	0.8594	0.4572	0.2714	0.6586	0.394	0.2228	0.5751
2083	0.6075	0.3693	0.876	0.4637	0.2745	0.6689	0.3984	0.2241	0.5826
2084	0.6189	0.3769	0.8923	0.4706	0.2772	0.6804	0.4044	0.2286	0.5903
2085	0.6308	0.3852	0.909	0.476	0.2801	0.6886	0.4088	0.2301	0.5977
2086	0.6413	0.3918	0.9246	0.4808	0.2832	0.6955	0.4106	0.2288	0.6028
2087	0.6517	0.3986	0.94	0.4869	0.2862	0.705	0.4154	0.2315	0.6097
2088	0.6625	0.406	0.9553	0.4929	0.2899	0.7135	0.4205	0.2342	0.6175
2089	0.6733	0.413	0.9713	0.4976	0.291	0.7221	0.4268	0.24	0.6243
2090	0.6856	0.4223	0.9878	0.5038	0.2944	0.7314	0.4325	0.2443	0.6314
2091	0.6973	0.429	1.0058	0.5101	0.2996	0.7392	0.4366	0.2452	0.6387
2092	0.7099	0.4377	1.0238	0.5165	0.3033	0.7486	0.4413	0.2474	0.646
2093	0.7218	0.4445	1.0422	0.5224	0.306	0.7579	0.4463	0.2513	0.6524
2094	0.7339	0.451	1.0614	0.5282	0.3086	0.7675	0.4497	0.2526	0.6579
2095	0.7468	0.4578	1.0821	0.5349	0.3119	0.7779	0.4556	0.257	0.6653
2096	0.7536	0.4613	1.0928	0.5385	0.3137	0.7834	0.4585	0.2596	0.6685
2097	0.767	0.4683	1.1143	0.5455	0.3172	0.7943	0.4643	0.2649	0.6749
2098	0.7805	0.4753	1.1358	0.5526	0.3207	0.8053	0.4701	0.2701	0.6814
2099	0.794	0.4823	1.1573	0.5597	0.3242	0.8162	0.476	0.2753	0.6878
2100	0.8074	0.4893	1.1788	0.5667	0.3277	0.8272	0.4818	0.2806	0.6943
